place(0.509, -6.368, 13.947, "Brawler", 600)
upgrade(0.509, -5.018, 13.947, 300)
upgrade(0.509, -5.018, 13.947, 850)
place(4.247, -6.368, 11.213, "Scout", 250)
upgrade(4.247, -5.018, 11.213, 150)
place(6.616, -6.368, 9.354, "Scout", 250)
upgrade(6.616, -5.018, 9.354, 150)
place(8.613, -6.368, 11.691, "Scout", 250)
upgrade(8.613, -5.018, 11.691, 150)
place(6.197, -6.368, 13.569, "Scout", 250)
upgrade(6.197, -5.018, 13.569, 150)
place(9.818, -6.368, 14.472, "Scout", 250)
upgrade(9.818, -5.018, 14.472, 150)
place(7.469, -6.368, 16.353, "Scout", 250)
upgrade(7.469, -5.018, 16.353, 150)
place(1.342, -6.368, 16.345, "Scout", 250)
upgrade(1.342, -5.018, 16.345, 150)
place(-1.695, -6.368, 15.563, "Scout", 250)
upgrade(-1.695, -5.018, 15.563, 150)
place(1.654, -6.368, 19.431, "Scout", 250)
upgrade(1.654, -5.018, 19.431, 150)
place(6.044, -6.368, 19.063, "Scout", 250)
upgrade(6.044, -5.018, 19.063, 150)
place(9.124, -6.368, 18.915, "Scout", 250)
upgrade(9.124, -5.018, 18.915, 150)
place(11.520, -6.368, 17.059, "Scout", 250)
upgrade(11.520, -5.018, 17.059, 150)
place(-1.239, -6.368, 18.531, "Scout", 250)
upgrade(-1.239, -5.018, 18.531, 150)
place(-4.665, -6.368, 16.320, "Scout", 250)
upgrade(-4.665, -5.018, 16.320, 150)
place(-4.273, -6.368, 19.306, "Scout", 250)
upgrade(-4.273, -5.018, 19.306, 150)
place(-7.805, -6.368, 16.652, "Scout", 250)
upgrade(-7.805, -5.018, 16.652, 150)
place(-7.361, -6.368, 19.685, "Scout", 250)
upgrade(4.247, -5.018, 11.213, 500)
upgrade(6.616, -5.018, 9.354, 500)
upgrade(6.197, -5.018, 13.569, 500)
upgrade(8.613, -5.018, 11.691, 500)
